$ 1 0.000005 10.20027730826997 50 5 43 5e-11
R 192 96 192 64 0 0 40 5 0 0 0.5
r 192 96 192 160 0 4700
w 192 160 192 176 0
t 160 192 192 192 0 1 0.6 0.6 100
R 320 96 320 64 0 0 40 5 0 0 0.5
r 320 96 320 160 0 4700
w 320 160 320 176 0
t 352 192 320 192 0 1 0.6 0.6 100
w 192 208 192 240 0
w 320 208 320 240 0
w 192 240 320 240 0
r 256 240 256 304 0 4700
g 256 304 256 320 0 0
v 96 272 96 192 0 1 1000 2 2.5 0 0.5
w 96 192 160 192 0
g 96 272 96 288 0 0
w 352 192 368 192 0
w 368 192 368 224 0
R 368 224 368 256 0 0 40 2.5 0 0 0.5
w 192 160 160 160 0
w 160 160 160 32 0
w 160 32 416 32 0
w 416 32 416 192 0
r 416 192 464 192 0 10000
t 464 192 496 192 0 -1 0.6 0.6 100
R 496 176 496 144 0 0 40 5 0 0 0.5
w 496 208 496 240 0
r 496 240 496 304 0 10000
g 496 304 496 320 0 0
w 496 240 544 240 0
x 552 245 580 248 4 14 OUT
x 100 180 130 183 4 14 V_IN
x 380 270 420 273 4 14 V_REF
x 200 60 240 63 4 12 VCC
x 210 130 240 133 4 12 RC1
x 338 130 368 133 4 12 RC2
x 274 275 300 278 4 12 RE
x 430 180 456 183 4 12 RB
x 514 275 540 278 4 12 RL
x 200 20 400 23 4 14 C1
o 13 64 0 4098 5 0.1 0 1
o 27 64 0 4098 5 0.1 1 1
